-11	-11	0.0044	-38	-12	0.018
-28	-18	0.007	-84	-41	0.008
-16	14	0.003	-44	-12	-0.02
-36	12	0.002	-35	2	-0.012
29	-26	0.11	-9	-35	-0.005
-28	22	0.18	14	42	-0.012
-65	-21	0.15	-4	14	-0.012
-20	97	0.021	16	118	0.063
-46	119	0.016	-18	90	0.072
-2	-1	0.0005	1	24	-0.014
-36	12	0.002	-35	2	-0.012
-16	14	0.003	-44	-12	-0.020
-28	-18	0.007	-84	-41	0.008
-11	-11	0.004	-38	-12	0.018
-38	4	-0.003	-102	-41	-0.016
14	-16	0.040	-29	823	0.245
2	2	0.001	61	-36	-0.041
-7	-4	-0.007	-65	-48	-0.012
14	-6	-0.003	76	-86	0.005
-37	23	-0.056	-53	-64	0.024
13	-14	-0.005	40	-86	0.031
-7	-3	-0.004	-9	-31	-0.023
5	-22	0.000	30	-24	0.023
12	7	-0.003	30	-24	-0.002
10	-12	0.000	15	-46	0.051
-7	12	-0.003	-9	-26	-0.029
2	-4	-0.002	-19	-54	0.000
1	-17	0.029	-7	-58	-0.004
-1	-1	-0.003	42	-24	-0.030
-14	2	-0.004	-11	10	0.005
-23	-10	-0.0006	-39	-30	-0.062