-4	22	-0.018	71	-26	0.041
-6	20	-0.017	-2	25	0.007
-26	-4	0.006	19	-31	0.023
30	-5	0.008	-50	-36	-0.007
-20	32	-0.019	-32	62	-0.163
-42	-27	-0.018	-4	-37	-0.004
-32	14	0.002	-28	314	-0.009
-8	-28	-0.008	39	-75	-0.018
-26	3	-0.003	-35	-37	-0.007
-8	-19	-0.001	9	-92	-0.014
-2	-34	-0.014	-10	-28	-0.008
99	-150	-0.041	57	-61	-0.016
1	26	-0.012	36	-59	-0.002
-16	-3	-0.007	76	32	0.024
24	-34	-0.004	176	122	-0.060
74	-33	-0.004	-32	-29	0.008
-37	-44	0.006	130	70	-0.028
-15	-33	0.016	-69	-24	-0.018
21	-38	0.013	153	84	-0.023
18	-48	0.004	-68	-60	0.002
-7	52	0.002	-13	113	-0.071
-2	10	0.008	45	23	0.017
8	26	-0.001	8	81	-0.038
43	13	0.011	-18	-5	-0.007
-4	1	-0.011	5	95	-0.026
19	-17	0.020	16	12	-0.025
-9	20	0.005	-32	-24	-0.025
23	8	0.005	22	-9	0.017
6	6	-0.004	-92	-75	0.015
82	1	0.012	-10	29	-0.016
-5	11	-0.006	-2	140	-0.028
6	-1	0.014	6	43	-0.016
-80	-15	0.023	39	2	-0.052
25	5	0.009	27	25	-0.003
11	-3	0.001	39	-127	0.011
11	28	0.009	19	-5	-0.027
29	21	0.001	-19	-26	0.023
51	-9	-0.024	-16	33	0.023
8	-6	0.008	5	-20	0.016
9	23	0.005	-8	21	0.032
5	12	0.002	-41	-87	0.015
18	8	0.005	19	33	0.008
15	17	0.001	-2	8	0.035
-4	14	0.009	-8	30	0.015
-3	6	0.016	-42	31	0.014
43	11	0.008	20	35	0.013
23	15	-0.002	-8	31	0.004
31	21	0.001	82	90	0.012
14	15	0.002	-37	-15	0.002
36	7	-0.001	10	5	0.014
23	5	-0.001	-6	34	0.014
39	-4	0.00057	-18	-14	0.01425
16	8	-0.00742	17	31	0.00081
28	2	0.01124	-26	29	0.02294
16	-27	-0.02124	-25	84	-0.02347
45	-17	0.002	-26	24	0.026
19	-5	-0.021	42	28	0.015
40	-22	0.01	-45	75	-0.021
12	-13	-0.025	70	115	-0.011
18	-28	0.003	-4	11	-0.006
23	-20	-0.008	-4	-4	0.001
8	-37	0.007	-4	58	-0.021
10	-24	0.003	-22	6	0.014
4	-9	0	-3	-4	-0.008
14	-17	-0.018	41	-6	-0.011
-1	-20	0.011	-5	39	0.188
8	-5	-0.007	-19	-33	-0.010
29	-22	-0.024	19	4	0.007
7	-24	0.007	37	-42	-0.003
29	-32	-0.007	37	-9	0.039
27	-22	-0.003	-46	-16	-0.036
20	-17	-0.009	1	-67	-0.021
16	-42	0.004	-2	-3	0.050
48	-45	-0.002	75	32	0.057
26	-30	-0.004	-22	-147	-0.005
31	-26	-0.011	54	-114	-0.012
-6	17	0.012	-13	36	0.046
23	-26	-0.003	82	118	-0.009
24	-30	0.000	-26	127	-0.017
-89	8	-0.067	4	-8	0.000
21	-33	-0.013	118	16	-0.031
18	-28	-0.003	-30	-1	-0.006
34	12	0.020	-44	78	-0.023
18	-45	0.008	11	-1	-0.005
34	-38	-0.015	63	-23	0.023
18	-29	-0.005	-55	30	-0.010
4	7	-0.006	-48	92	-0.003
13	16	0.028	15	22	-0.007
13	-16	-0.002	41	-8	0.020
26	-23	-0.012	-9	81	0.000
29	3	-0.013	25	27	-0.023
-46	6	-0.023	-77	79	0.041
15	15	-0.017	46	29	-0.03
31	-4	0	29	-31	-0.015
42	22	-0.012	36	8	-0.035
-35	26	-0.014	40	24	-0.026
57	46	-0.009	34	-6	-0.023
-33	122	0.018	-13	148	0.055
10	21	0.029	34	99	0.049
-17	31	0.034	2	59	0.062
41	52	0.024	119	34	0.006
-21	36	0.046	-84	486	0.67
-37	52	-0.013	20	14	-0.006
-37	40	0.03	-16	70	0.035
41	56	-0.015	25	35	0.059
-24	54	0.029	13	91	0.061
39	79	-0.013	22	58	0.03
16	54	0.017	5	96	0.039
5	39	-0.005	23	33	-0.004
16	-43	-0.007	-41	-35	0.016
-23	-35	-0.011	-9	-66	-0.017
20	24	0.019	-31	11	0.059
-7	24	-0.011	31	46	-0.011
-2	21	0.026	-50	45	0.017
-20	31	-0.005	11	24	-0.004
20	21	0.025	-28	-3	0.047
-15	14	-0.008	14	11	-0.028
21	9	0.026	-48	-11	0.022
-9	16	-0.006	46	45	0.007
15	51	0.014	-17	2	0.044
9	13	-0.006	51	13	0.009
92	-37	0.025	51	-54	0.042
124	-29	-0.030	133	-19	-0.016
20	45	0.014	-7	-6	0.017
-3	4	-0.013	22	-6	0.022
37	9	0.030	21	3	0.006
-19	8	-0.001	-16	-14	0.026
37	-29	0.029	-5	-129	0.035
-12	7	-0.004	28	14	0.006
25	17	0.001	-28	56	-0.008
22	18	-0.010	53	40	0.000
49	12	0.006	2	-41	0.001
200	186	0.005	151	141	-0.017
71	111	-0.037	-27	154	-0.016
101	159	0.051	112	165	0.046
132	232	0.032	198	294	0.022
-13	64	-0.013	-5	41	0.015
4	29	0.011	-42	48	0.005
-112	165	-0.017	-11	62	-0.043
20	43	0.050	6	71	0.073
-67	38	0.020	-54	59	0.078
26	-11	0.024	-40	35	0.089
-52	53	-0.008	-12	-66	0.085
-2	39	0.005	-6	194	0.122
-38	73	-0.002	-45	65	0.119
19	78	-0.011	37	124	0.020
-46	67	-0.026	-32	90	-0.029
6	37	0.010	-27	107	0.062
-13	44	0.003	33	102	0.085
23	-31	-0.002	-6	73	0.025
31	4	-0.011	69	-17	0.120
19	-44	-0.007	8	-8	0.027
10	-29	-0.022	70	-25	0.107
28	5	-0.026	54	34	-0.035
-72	1	0.030	3	37	0.039
-39	72	0.000	-84	98	0.034
22	-11	-0.006	59	40	0.032
24	-2	-0.004	64	1	0.076
21	-75	-0.015	76	-6	0.089
40	-23	0.090	14	65	0.087
25	2	0.010	48	74	-0.013
41	1	-0.003	30	56	0.060
-24	13	-0.023	-56	20	0.047
33	63	0.024	22	85	0.038
-85	109	-0.029	-123	75	-0.035
-59	84	0.000	-106	133	0.003
-83	131	-0.007	-13	145	0.005
25	29	0.006	-42	-34	0.028
-33	39	-0.017	32	23	-0.005
-64	61	0.026	-91	72	0.031
-67	48	-0.028	-91	36	-0.025
-83	89	0.017	-60	84	0.020
-63	60	-0.010	-24	83	-0.028
-29	-53	0.022	4	-63	0.036
-98	-52	-0.025	-61	-49	-0.038
-33	-90	0.015	-70	-69	0.008
-58	-87	-0.007	-30	-79	-0.001
-16	-4	-0.019	-24	22	-0.028
-117	-23	-0.025	-135	-8	-0.048
-106	12	0.015	-126	16	0.038
-113	-38	-0.030	-133	-48	-0.019
-25	51	-0.002	33	204	0.022
33	-23	-0.096	-24	-22	-0.0216
39	43	0.0033	-8	39	0.0065
-33	15	0.0044	-24	-5	0.0024
45	43	0.0056	16	28	0.0101
-2	15	-0.0025	-10	-1	0.0045
24	47	0.0026	-6	29	0.004
-28	10	-0.0074	-22	19	0.0083
18	46	0.0053	-35	46	-0.0029
-20	9	-0.007	-26	-17	0.0067
47	14	0.0114	15	48	-0.0005
-12	-5	-0.0014	-59	-43	-0.0041
52	54	0.0101	17	35	0.0004
-33	18	0.0019	4	5	0.0057
-20	10	-0.0019	-64	-101	0.0104
-37.0	1.0	0.001	-46.0	33.0	0.016
-13.0	20.0	0.008	-8.0	48.0	0.002
-16.6	-52.5	0.002	0.0	-12.9	0.005
-17.9	15.9	0.000	-14.3	-2.0	0.002
25.4	42.2	-0.007	-28.2	40.1	0.003
-14.8	-14.3	-0.001	6.3	-16.4	0.003
65.6	42.7	-0.003	18.1	48.9	0.013
79.7	83.7	-0.002	95.8	56.1	0.006
163.2	15.7	-0.002	112.7	36.4	-0.003
-35.5	6.7	0.005	-6.2	-14.6	0.003
53.6	55.3	0.007	4.4	45.1	0.001
-42.7	4.7	0.000	-15.6	1.7	0.001
29.3	68.3	-0.001	-0.6	61.5	0.001
2.5	-9.6	0.000	27.6	-29.6	0.006
19.4	21.1	-0.002	-18.0	8.2	0.018
-32.0	14.5	-0.001	-23.4	4.0	0.004	
-35.7	-23.0	0.042	-48.0	-3.7	-0.016
53.3	23.5	0.012	5.6	49.9	0.007
-81.9	8.1	0.000	-45.4	-15.4	0.002
-8.1	-4.6	0.003	-4.7	-49.0	0.034
36.6	15.6	0.023	-12.6	26.4	-0.004
-17.4	-1.2	0.008	-8.6	-30.5	-0.028
-11.6	30.2	0.012	-46.3	-3.3	-0.020
-12.7	5.5	0.005	0.8	-72.8	-0.037
-15.3	34.7	0.1258	-3.7	-9.0	0.0235
-13.1	44.5	0.0029	-16.3	8.9	0.022
-14.5	-65.1	0.0085	35.4	-61.2	-0.0541
-25.5	-87.7	-0.0131	25.1	-56.7	0.0447
-13.2	25.4	0.0183	19.4	-2.6	0.0319
-20.7	16.1	-0.0318	-1.5	-45.2	0.0204
-29.0	0.0	-0.0021	-19.2	-7.8	0.0022
59.0	39.4	0.0025	18.1	44.9	0.0092
-17.0	-40.0	0.0009	-3.6	-14.6	0.0026
43.9	-6.3	0.0020	1.8	17.4	-0.0063
-33.6	-18.0	0.0066	-13.0	-31.3	0.0060
33.3	19.7	-0.0041	4.4	39.2	-0.0080
-108.4	-1.1	0.0088	-102.5	-39.3	0.0132
-109.1	-14.0	0.0043	-107.9	-21.5	0.0051
45.8	-45.0	-0.0743	5.7	-66.9	0.0034
57.4	-28.3	-0.0318	20.9	-70.7	0.0196
145.0	-17.5	0.0604	182.7	-7.4	0.0147
93.7	31.8	-0.0030	98.5	15.6	0.0063
-12.7	20.5	0.0042	12.5	19.1	0.0043
-25.295	2.340	-0.0003	13.0	-18.8	0.0147
13.8	39.7	-0.0074	-22.5	32.9	0.0108
-1.7	18.6	-0.0030	-25.7	51.0	0.0017
6.0	-6.3	0.0086	-27.7	-24.8	0.0252
-46.5	-20.2	0.0013	-1.0	-44.1	0.0021
15.7	25.9	-0.0025	-9.4	35.3	0.0019
-0.7	16.0	-0.0025	-17.1	51.1	0.0154
38.9	13.0	0.0104	32.9	-2.1	0.0013
-34.5	-117.8	-0.0034	-32.1	-107.0	0.0067
-22.3	-50.9	0.0145	-58.0	-29.6	0.0103
-23.2	-6.6	0.0036	-5.1	-26.5	0.0010
-3.4	31.4	-0.0062	-30.3	45.6	0.0090
25.2	47.6	-0.0022	-12.2	25.9	0.0016
36.9	21.1	0.0068	5.7	-7.0	0.0058
-19.2	-18.2	0.0011	-6.4	-22.0	0.0034
-18.5	17.5	0.0015	-51.0	38.2	0.0082
25.1	-10.3	0.0140	2.0	6.8	0.0009
17.0	-1.5	-0.0018	1.1	14.3	0.0095
-19.5	-4.1	0.0037	-2.7	4.4	0.0025
-20.6	19.8	-0.0017	-43.4	10.5	0.0094
15.0	0.5	-0.0044	-22.4	-2.2	0.0060
18.0	-33.4	0.0117	-1.8	8.5	0.0092
-42.1	-13.3	0.0006	-31.4	-8.1	0.0022
-9.1	26.6	-0.0009	-44.9	37.2	0.0027
0.8	-6.1	-0.0151	-30.7	14.0	0.0008
26.3	-49.1	-0.0043	-6.4	-27.1	0.0017
-12.9	0.9	0.0027	-4.1	2.3	0.0013
-26.0	28.8	0.0028	-71.3	-2.2	0.0002
4.3	-29.3	-0.0072	-16.2	13.4	0.0006
23.9	-69.8	0.0128	-20.4	-40.8	0.0044
-17.6	9.1	-0.0077	6.0	24.0	0.0049
-20.8	32.7	0.0005	-80.4	-4.8	0.0032
26.3	0.4	-0.0036	-19.4	13.6	0.0062
24.8	-30.1	0.019	-17.0	-26.6	0.001
-19.6	4.8	0.0015	4.0	19.6	0.000
-3.2	11.3	0.001	-49.3	-72.1	0.013
-22.1	-31.2	0.002	-63.6	-79.1	-0.001
46.3	-26.3	0.017	-6.8	-28.9	0.000
-22.8	15.7	-0.002	4.6	53.6	-0.007
-32.1	10.0	0.002	-67.1	31.2	0.011
-4.8	-0.7	0.002	-38.7	-42.5	-0.009
78.5	-15.2	0.016	30.5	-17.6	0.000
-11.0	4.5	-0.003	13.4	24.0	-0.004
-18.9	23.2	0.005	-44.0	46.4	0.014
-11.2	-35.6	0.001	-61.4	10.7	0.008
56.0	-16.3	0.017	5.5	-12.2	0.002
-10.3	-14.5	0.000	-10.6	-12.4	-0.001
-29.8	25.7	0.000	-37.5	45.7	0.014
-32.6	-13.2	0.004	-62.5	6.1	-0.005
70.7	-23.8	0.018	13.0	4.1	0.003
-4.1	6.6	-0.001	2.4	18.1	0.001
-6.2	23.0	0.006	-38.7	33.6	0.014
-73.5	-114.2	0.008	-95.3	-71.4	-0.007
-20.5	-45.6	0.017	-76.5	-36.6	-0.003
-17.7	7.0	-0.001	-8.1	7.5	0.001
-8.8	36.6	0.003	-23.6	44.5	0.003
-73.8	-135.1	0.006	-89.0	-80.3	0.004
19.2	-30.6	0.014	-48.6	-24.1	0.005
16.3	-40.0	0.000	21.4	-16.8	-0.002
0.0	40.9	-0.002	-21.1	29.4	0.005
-10.0	2.6	0.004	-33.1	13.5	-0.011
37.6	-38.0	0.020	3.5	-19.5	-0.010
-4.0	6.2	-0.005	-2.3	-1.9	-0.005
-28.7	28.4	0.001	-57.9	32.0	-0.003
-2.1	-18.2	0.008	-37.2	-1.9	-0.005
96.5	-10.4	0.018	30.0	-17.0	0.003
-13.2	5.3	0.002	-6.9	-1.1	-0.003
-9.1	26.4	0.002	-29.0	53.8	0.011
-22.6	-18.7	0.006	-34.1	11.6	-0.010
50.6	-44.2	0.030	5.7	-37.2	0.007
0.4	-7.5	0.001	8.3	3.7	-0.004
-14.0	27.3	0.002	-37.4	44.3	0.010
-8.9	2.3	-0.005	-8.9	0.7	-0.004
-85.2	3.8	-0.007	-106.3	-6.7	0.032
40.1	-21.5	-0.012	70.3	37.2	0.028
82.6	-4.6	0.006	29.6	29.3	0.040
-75.0	4.8	-0.003	-150.1	7.5	0.036
35.9	14.3	-0.008	66.5	-33.1	-0.002
-43.4	-40.7	0.014	-88.4	94.8	0.024
-21.1	-29.2	0.012	-84.6	110.2	0.055
111.3	15.8	0.019	101.0	-41.7	0.043
33.4	20.6	0.003	-12.3	32.9	0.002
-26.9	5.1	0.012	3.9	-0.7	-0.010
-3.0	30.0	0.002	-26.5	11.8	0.000
-29.7	28.9	0.001	-35.8	56.9	0.007
9.9	-27.5	0.006	-32.0	-13.6	-0.001
3.2	-5.6	0.012	29.8	-4.5	-0.001
5.1	18.6	0.005	-4.4	10.1	0.008
-47.8	34.8	-0.001	-43.2	69.7	-0.001
50.6	22.4	0.009	4.9	20.3	0.001
-14.2	31.8	0.013	-0.3	16.9	0.006
1.4	21.3	0.004	-22.6	-3.0	0.000
-30.7	35.8	0.001	-43.2	94.3	0.010
4	42	-0.010	20	25	-0.004
5	32	-0.014	44	15	-0.038
-20	30	-0.014	-20	20	0.021
5	31	-0.017	7	-4	-0.012
15	30	-0.021	2	-26	-0.022
15	38	-0.028	-27	-1	0.032
-48	-68	0.014	-39	52	0.011
200	223	0.040	-32	-41	-0.041
-49	-39	-0.003	-71	-21	-0.025
20	22	0.012	-73	-58	-0.028
-32	-4	0.02	53	23	0.02
-26	-97	0.1	73	-75	0.09
15	-17	0.009	21	37	0.01
-45	-17	0.015	65	-17	0.004
13	24	0.01	38	42	0.003
-40	-13	0.012	83	-6	0.017
-24	24	0.04	78	47	0.03
-12	-48	0.03	-16	26	0.03
-29	-13	0.025	110	-9	0.016
61	17	0.025	41	80	0.009
-41	16	0.09	79	88	0.04
22	-13	0.006	-23	61	0.012
-93	46	0.04	42	92	0.07
-116	22	0.006	-26	122	0.01
-46	21	0.06	65	64	0.09
32	-25	0.011	17	13	0.016
55	53	0.010	-31	-77	0.030
-14	96	0.001	-74	-47	0.030
141	3	0.009	-112	10	0.020
-26	69	0.016	-35	-87	0.009
116	64	0.050	-77	-80	0.020
-45	74	0.005	23	-60	0.010
104	45	0.020	-41	-91	0.009
89	101	0.004	30	-121	0.010
133	47	0.030	-85	-64	0.020
-36	39	0.005	5	-13	0.020
48	-2	0.010	2	-4	0.010
55	-42	0.010	-7	39	0.030
103	-102	0.110	95	-111	0.140
67	15	0.040	126	59	0.040
148	-47	0.050	145	-57	0.130
-18	-102	0.030	-14	-73	0.100
28	-36	0.010	50	17	0.030
-114	-125	0.040	-43	-148	0.080
3	3	0.110	16	30	0.190
1	-88	0.130	-110	-134	0.100
-12	-733	0.083	58	15	0.110
5	-27	-0.010	311	-32	0.050
31	-41	0.002	286	-44	0.040
44	35	0.023	112	-84	0.060
28	-6	0.032	19	-179	-0.020
6	-29	0.074	-51	-3	0.050
-11	-125	0.020	-208	97	0.075
30	42	0.002	-24	-35	0.017
50	16	0.002	-4	51	0.050
-33	-12	-0.013	19	31	0.021
-35	-24	-0.015	0.6	1	0.075
-14	-11	-0.013	32	0.1	-0.013
-26	-18	-0.015	23	14	-0.014
-20	0.3	-0.005	0.3	0.1	-0.006
34	16	-0.002	20	33	-0.001
-8	11	0.000	0.6	17	-0.019
24	0.9	0.002	17	22	-0.006
-16	0.1	0.000	-21	67	-0.046
18	9	-0.005	0.8	-31	-0.053
22	-1	0.003	-5	-1	0.004
10	4	-0.001	0	-14	0.011
-11	5	0.005	-95	58	-0.006
18	29	0.006	-73	49	0.010
-20	-23	-0.009	-32	64	0.036
-29	-13	-0.007	-40	3	0.010
-30	49	0.023	14	-46	0.038
6	43	0.007	4	7	0.002
24	14	-0.003	-76	-61	0.005
12	36	-0.002	-28	-59	0.014
22	58	-0.014	107	66	0.010
10	36	-0.013	43	26	-0.040
-2	27	-0.009	-36	49	-0.001
7	18	-0.003	30	14	0.017
24	-31	-0.012	18	-1	-0.020
-6	-3	-0.005	3	-18	-0.012
42	20	0.013	14	4	-0.010
24	9	0.011	-4	-24	0.012
-27	-6	-0.022	29	-78	-0.003
-26	-20	0.013	41	-58	-0.014
-2	-3	0.007	-17	5	0.001
25	-3	-0.009	9	19	-0.031
-31	-8	-0.001	-0.2	14	-0.008
-39	1	-0.018	30	-31	-0.007
-10	11	0.001	66	175	-0.016
7	13	0.001	-43	-30	0.008
-40	26	-0.009	-55	-66	-0.017
-1	3	0.016	-1	-14	0.003
8	12	0.002	-2	-7	-0.005
-23	-11	-0.012	19	-1	-0.004
-13	-2	-0.007	1	-70	0.013
-8	16	0.007	7	-12	0.013
8	1	0.003	-1	-23	-0.028
-4	-17	0.016	28	19	-0.001
-15	-3	-0.016	1	-90	0.013
-19	12	0.006	4	-10	0.006
5	16	0.003	-19	-21	0.032
-19	3	0.007	-2	-6	-0.011
-32	-1	0.011	-16	-97	0.021
-5	31	-0.013	49	-20	-0.015
1	56	-0.005	-32	59	0.018
-31	15	-0.022	64	3	-0.014
-8	31	-0.009	74	-90	0.015
-9	14	0.011	-27	11	-0.008
16	32	-0.001	38	54	-0.018
-17	17	-0.010	-9	36	0.007
-16	10	-0.014	-53	-70	-0.004
-20	17	0.003	8	4	0.000
27	13	-0.002	-4	-77	0.011
-29	-1	-0.014	11	-48	-0.018
-12	5	-0.009	-10	-79	-0.023
-8	30	-0.002	4	7	-0.017
13	37	-0.012	14	44	-0.003
-9	2	-0.072	47	24	-0.010
-9	26	-0.001	22	-21	-0.013
-11	-11	0.0044	-38	-12	0.018
-28	-18	0.007	-84	-41	0.008
-16	14	0.003	-44	-12	-0.02
-36	12	0.002	-35	2	-0.012
29	-26	0.11	-9	-35	-0.005
-28	22	0.18	14	42	-0.012
-65	-21	0.15	-4	14	-0.012
-20	97	0.021	16	118	0.063
-46	119	0.016	-18	90	0.072
-2	-1	0.0005	1	24	-0.014
-36	12	0.002	-35	2	-0.012
-16	14	0.003	-44	-12	-0.020
-28	-18	0.007	-84	-41	0.008
-11	-11	0.004	-38	-12	0.018
-38	4	-0.003	-102	-41	-0.016				
14	-16	0.040	-29	823	0.245
2	2	0.001	61	-36	-0.041
-7	-4	-0.007	-65	-48	-0.012
14	-6	-0.003	76	-86	0.005
-37	23	-0.056	-53	-64	0.024
13	-14	-0.005	40	-86	0.031
-7	-3	-0.004	-9	-31	-0.023
5	-22	0.000	30	-24	0.023
12	7	-0.003	30	-24	-0.002
10	-12	0.000	15	-46	0.051
-7	12	-0.003	-9	-26	-0.029
2	-4	-0.002	-19	-54	0.000
1	-17	0.029	-7	-58	-0.004
-1	-1	-0.003	42	-24	-0.030
-14	2	-0.004	-11	10	0.005
-23	-10	-0.0006	-39	-30	-0.062
-40	-4	0.007	-157	-28	-0.029
24	-7	0.002	99	19	-0.034
-37	7	0.005	-82	-83	0.007
1	8	-0.009	58	-7	-0.052
-32	1	0.004	-19	16	0.002
3	-19	0.005	-412	156	0.034
21	-5	0.010	7	-26	-0.022
16	-16	0.011	32	-39	-0.022
-11	-5	-0.005	52	32	0.028
-51	-99	0.074	105	-13	-0.009
-9	2	0.001	-47	-68	0.019
8	15	0.000	-24	-147	0.086
50	5	0.045	-29	-20	-0.004
0	-19	0.008	-64	-100	-0.038
-1	-17	0.004	-2	-98	-0.076
-12	-27	-0.007	-54	24	0.016
-27	-15	0.003	70	3	-0.008
-42	-10	-0.002	-57	5	0.006
-37	-34	-0.006	17	4	0.019
-2	-69	-0.009	11	52	0.007
-15	-45	0.010	21	15	-0.016
-35	-28	-0.001	8	42	-0.008
-18	5	-0.007	-3	19	0.016
-16	1	-0.005	33	28	0.002
11	-26	-0.003	57	47	0.000
-13	-12	-0.002	-17	-98	0.009
-23	-13	0.000	-66	-116	-0.017
1	-36	-0.012	-47	-99	-0.022
-16	-25	-0.032	-1	-62	-0.015
-9	-10	0.004	-42	-4	0.035
2	0	-0.001	13	3	0.020
-26	-26	-0.006	-4	10	0.012
-26	-53	-0.003	5	-3	0.005
22	-9	0.001	25	6	-0.015
-16	7	-0.004	-8	-12	0.026
3	-10	-0.008	17	8	0.017
-1	6	0.001	7	4	0.001