-4	22	-0.018	71	-26	0.041
-6	20	-0.017	-2	25	0.007
-26	-4	0.006	19	-31	0.023
30	-5	0.008	-50	-36	-0.007
-20	32	-0.019	-32	62	-0.163
-42	-27	-0.018	-4	-37	-0.004
-32	14	0.002	-28	314	-0.009
-8	-28	-0.008	39	-75	-0.018
-26	3	-0.003	-35	-37	-0.007
-8	-19	-0.001	9	-92	-0.014
-2	-34	-0.014	-10	-28	-0.008
99	-150	-0.041	57	-61	-0.016
1	26	-0.012	36	-59	-0.002
-16	-3	-0.007	76	32	0.024
24	-34	-0.004	176	122	-0.060
74	-33	-0.004	-32	-29	0.008
-37	-44	0.006	130	70	-0.028
-15	-33	0.016	-69	-24	-0.018
21	-38	0.013	153	84	-0.023
18	-48	0.004	-68	-60	0.002
-7	52	0.002	-13	113	-0.071
-2	10	0.008	45	23	0.017
8	26	-0.001	8	81	-0.038
43	13	0.011	-18	-5	-0.007
-4	1	-0.011	5	95	-0.026
19	-17	0.020	16	12	-0.025
-9	20	0.005	-32	-24	-0.025
23	8	0.005	22	-9	0.017
6	6	-0.004	-92	-75	0.015
82	1	0.012	-10	29	-0.016
-5	11	-0.006	-2	140	-0.028
6	-1	0.014	6	43	-0.016
-80	-15	0.023	39	2	-0.052
25	5	0.009	27	25	-0.003
11	-3	0.001	39	-127	0.011
11	28	0.009	19	-5	-0.027
29	21	0.001	-19	-26	0.023
51	-9	-0.024	-16	33	0.023
8	-6	0.008	5	-20	0.016
9	23	0.005	-8	21	0.032
5	12	0.002	-41	-87	0.015
18	8	0.005	19	33	0.008
15	17	0.001	-2	8	0.035
-4	14	0.009	-8	30	0.015
-3	6	0.016	-42	31	0.014
43	11	0.008	20	35	0.013
23	15	-0.002	-8	31	0.004
31	21	0.001	82	90	0.012
14	15	0.002	-37	-15	0.002
36	7	-0.001	10	5	0.014
23	5	-0.001	-6	34	0.014
39	-4	0.00057	-18	-14	0.01425
16	8	-0.00742	17	31	0.00081
28	2	0.01124	-26	29	0.02294
16	-27	-0.02124	-25	84	-0.02347
45	-17	0.002	-26	24	0.026
19	-5	-0.021	42	28	0.015
40	-22	0.01	-45	75	-0.021
12	-13	-0.025	70	115	-0.011
18	-28	0.003	-4	11	-0.006
23	-20	-0.008	-4	-4	0.001
8	-37	0.007	-4	58	-0.021
10	-24	0.003	-22	6	0.014
4	-9	0	-3	-4	-0.008
14	-17	-0.018	41	-6	-0.011
-1	-20	0.011	-5	39	0.188
8	-5	-0.007	-19	-33	-0.010
29	-22	-0.024	19	4	0.007
7	-24	0.007	37	-42	-0.003
29	-32	-0.007	37	-9	0.039
27	-22	-0.003	-46	-16	-0.036
20	-17	-0.009	1	-67	-0.021
16	-42	0.004	-2	-3	0.050
48	-45	-0.002	75	32	0.057
26	-30	-0.004	-22	-147	-0.005
31	-26	-0.011	54	-114	-0.012
-6	17	0.012	-13	36	0.046
23	-26	-0.003	82	118	-0.009
24	-30	0.000	-26	127	-0.017
-89	8	-0.067	4	-8	0.000
21	-33	-0.013	118	16	-0.031
18	-28	-0.003	-30	-1	-0.006
34	12	0.020	-44	78	-0.023
18	-45	0.008	11	-1	-0.005
34	-38	-0.015	63	-23	0.023
18	-29	-0.005	-55	30	-0.010
4	7	-0.006	-48	92	-0.003
13	16	0.028	15	22	-0.007
13	-16	-0.002	41	-8	0.020
26	-23	-0.012	-9	81	0.000