29	3	-0.013	25	27	-0.023
-46	6	-0.023	-77	79	0.041
15	15	-0.017	46	29	-0.03
31	-4	0	29	-31	-0.015
42	22	-0.012	36	8	-0.035
-35	26	-0.014	40	24	-0.026
57	46	-0.009	34	-6	-0.023
-33	122	0.018	-13	148	0.055
10	21	0.029	34	99	0.049
-17	31	0.034	2	59	0.062
41	52	0.024	119	34	0.006
-21	36	0.046	-84	486	0.67
-37	52	-0.013	20	14	-0.006
-37	40	0.03	-16	70	0.035
41	56	-0.015	25	35	0.059
-24	54	0.029	13	91	0.061
39	79	-0.013	22	58	0.03
16	54	0.017	5	96	0.039
5	39	-0.005	23	33	-0.004
16	-43	-0.007	-41	-35	0.016
-23	-35	-0.011	-9	-66	-0.017
20	24	0.019	-31	11	0.059
-7	24	-0.011	31	46	-0.011
-2	21	0.026	-50	45	0.017
-20	31	-0.005	11	24	-0.004
20	21	0.025	-28	-3	0.047
-15	14	-0.008	14	11	-0.028
21	9	0.026	-48	-11	0.022
-9	16	-0.006	46	45	0.007
15	51	0.014	-17	2	0.044
9	13	-0.006	51	13	0.009
92	-37	0.025	51	-54	0.042
124	-29	-0.030	133	-19	-0.016
20	45	0.014	-7	-6	0.017
-3	4	-0.013	22	-6	0.022
37	9	0.030	21	3	0.006
-19	8	-0.001	-16	-14	0.026
37	-29	0.029	-5	-129	0.035
-12	7	-0.004	28	14	0.006
25	17	0.001	-28	56	-0.008
22	18	-0.010	53	40	0.000
49	12	0.006	2	-41	0.001
200	186	0.005	151	141	-0.017
71	111	-0.037	-27	154	-0.016
101	159	0.051	112	165	0.046
132	232	0.032	198	294	0.022
-13	64	-0.013	-5	41	0.015
4	29	0.011	-42	48	0.005
-112	165	-0.017	-11	62	-0.043
20	43	0.050	6	71	0.073
-67	38	0.020	-54	59	0.078
26	-11	0.024	-40	35	0.089
-52	53	-0.008	-12	-66	0.085
-2	39	0.005	-6	194	0.122
-38	73	-0.002	-45	65	0.119
19	78	-0.011	37	124	0.020
-46	67	-0.026	-32	90	-0.029
6	37	0.010	-27	107	0.062
-13	44	0.003	33	102	0.085
23	-31	-0.002	-6	73	0.025
31	4	-0.011	69	-17	0.120
19	-44	-0.007	8	-8	0.027
10	-29	-0.022	70	-25	0.107
28	5	-0.026	54	34	-0.035
-72	1	0.030	3	37	0.039
-39	72	0.000	-84	98	0.034
22	-11	-0.006	59	40	0.032
24	-2	-0.004	64	1	0.076
21	-75	-0.015	76	-6	0.089
40	-23	0.090	14	65	0.087
25	2	0.010	48	74	-0.013
41	1	-0.003	30	56	0.060
-24	13	-0.023	-56	20	0.047
33	63	0.024	22	85	0.038
-85	109	-0.029	-123	75	-0.035
-59	84	0.000	-106	133	0.003
-83	131	-0.007	-13	145	0.005
25	29	0.006	-42	-34	0.028
-33	39	-0.017	32	23	-0.005
-64	61	0.026	-91	72	0.031
-67	48	-0.028	-91	36	-0.025
-83	89	0.017	-60	84	0.020
-63	60	-0.010	-24	83	-0.028
-29	-53	0.022	4	-63	0.036
-98	-52	-0.025	-61	-49	-0.038
-33	-90	0.015	-70	-69	0.008
-58	-87	-0.007	-30	-79	-0.001
-16	-4	-0.019	-24	22	-0.028
-117	-23	-0.025	-135	-8	-0.048
-106	12	0.015	-126	16	0.038
-113	-38	-0.030	-133	-48	-0.019