-25	51	-0.002	33	204	0.022
33	-23	-0.096	-24	-22	-0.0216
39	43	0.0033	-8	39	0.0065
-33	15	0.0044	-24	-5	0.0024
45	43	0.0056	16	28	0.0101
-2	15	-0.0025	-10	-1	0.0045
24	47	0.0026	-6	29	0.004
-28	10	-0.0074	-22	19	0.0083
18	46	0.0053	-35	46	-0.0029
-20	9	-0.007	-26	-17	0.0067
47	14	0.0114	15	48	-0.0005
-12	-5	-0.0014	-59	-43	-0.0041
52	54	0.0101	17	35	0.0004
-33	18	0.0019	4	5	0.0057
-20	10	-0.0019	-64	-101	0.0104
-37.0	1.0	0.001	-46.0	33.0	0.016
-13.0	20.0	0.008	-8.0	48.0	0.002
-16.6	-52.5	0.002	0.0	-12.9	0.005
-17.9	15.9	0.000	-14.3	-2.0	0.002
25.4	42.2	-0.007	-28.2	40.1	0.003
-14.8	-14.3	-0.001	6.3	-16.4	0.003
65.6	42.7	-0.003	18.1	48.9	0.013
79.7	83.7	-0.002	95.8	56.1	0.006
163.2	15.7	-0.002	112.7	36.4	-0.003
-35.5	6.7	0.005	-6.2	-14.6	0.003
53.6	55.3	0.007	4.4	45.1	0.001
-42.7	4.7	0.000	-15.6	1.7	0.001
29.3	68.3	-0.001	-0.6	61.5	0.001
2.5	-9.6	0.000	27.6	-29.6	0.006
19.4	21.1	-0.002	-18.0	8.2	0.018
-32.0	14.5	-0.001	-23.4	4.0	0.004	
-35.7	-23.0	0.042	-48.0	-3.7	-0.016
53.3	23.5	0.012	5.6	49.9	0.007
-81.9	8.1	0.000	-45.4	-15.4	0.002
-8.1	-4.6	0.003	-4.7	-49.0	0.034
36.6	15.6	0.023	-12.6	26.4	-0.004
-17.4	-1.2	0.008	-8.6	-30.5	-0.028
-11.6	30.2	0.012	-46.3	-3.3	-0.020
-12.7	5.5	0.005	0.8	-72.8	-0.037
-15.3	34.7	0.1258	-3.7	-9.0	0.0235
-13.1	44.5	0.0029	-16.3	8.9	0.022
-14.5	-65.1	0.0085	35.4	-61.2	-0.0541
-25.5	-87.7	-0.0131	25.1	-56.7	0.0447
-13.2	25.4	0.0183	19.4	-2.6	0.0319
-20.7	16.1	-0.0318	-1.5	-45.2	0.0204
-29.0	0.0	-0.0021	-19.2	-7.8	0.0022
59.0	39.4	0.0025	18.1	44.9	0.0092
-17.0	-40.0	0.0009	-3.6	-14.6	0.0026
43.9	-6.3	0.0020	1.8	17.4	-0.0063
-33.6	-18.0	0.0066	-13.0	-31.3	0.0060
33.3	19.7	-0.0041	4.4	39.2	-0.0080
-108.4	-1.1	0.0088	-102.5	-39.3	0.0132
-109.1	-14.0	0.0043	-107.9	-21.5	0.0051
45.8	-45.0	-0.0743	5.7	-66.9	0.0034
57.4	-28.3	-0.0318	20.9	-70.7	0.0196
145.0	-17.5	0.0604	182.7	-7.4	0.0147
93.7	31.8	-0.0030	98.5	15.6	0.0063
-12.7	20.5	0.0042	12.5	19.1	0.0043
-25.295	2.340	-0.0003	13.0	-18.8	0.0147
13.8	39.7	-0.0074	-22.5	32.9	0.0108
-1.7	18.6	-0.0030	-25.7	51.0	0.0017
6.0	-6.3	0.0086	-27.7	-24.8	0.0252
-46.5	-20.2	0.0013	-1.0	-44.1	0.0021
15.7	25.9	-0.0025	-9.4	35.3	0.0019
-0.7	16.0	-0.0025	-17.1	51.1	0.0154
38.9	13.0	0.0104	32.9	-2.1	0.0013
-34.5	-117.8	-0.0034	-32.1	-107.0	0.0067
-22.3	-50.9	0.0145	-58.0	-29.6	0.0103
-23.2	-6.6	0.0036	-5.1	-26.5	0.0010
-3.4	31.4	-0.0062	-30.3	45.6	0.0090
25.2	47.6	-0.0022	-12.2	25.9	0.0016
36.9	21.1	0.0068	5.7	-7.0	0.0058
-19.2	-18.2	0.0011	-6.4	-22.0	0.0034
-18.5	17.5	0.0015	-51.0	38.2	0.0082
25.1	-10.3	0.0140	2.0	6.8	0.0009
17.0	-1.5	-0.0018	1.1	14.3	0.0095
-19.5	-4.1	0.0037	-2.7	4.4	0.0025
-20.6	19.8	-0.0017	-43.4	10.5	0.0094
15.0	0.5	-0.0044	-22.4	-2.2	0.0060
18.0	-33.4	0.0117	-1.8	8.5	0.0092
-42.1	-13.3	0.0006	-31.4	-8.1	0.0022
-9.1	26.6	-0.0009	-44.9	37.2	0.0027
0.8	-6.1	-0.0151	-30.7	14.0	0.0008
26.3	-49.1	-0.0043	-6.4	-27.1	0.0017
-12.9	0.9	0.0027	-4.1	2.3	0.0013
-26.0	28.8	0.0028	-71.3	-2.2	0.0002
4.3	-29.3	-0.0072	-16.2	13.4	0.0006
23.9	-69.8	0.0128	-20.4	-40.8	0.0044
-17.6	9.1	-0.0077	6.0	24.0	0.0049
-20.8	32.7	0.0005	-80.4	-4.8	0.0032
26.3	0.4	-0.0036	-19.4	13.6	0.0062
24.8	-30.1	0.019	-17.0	-26.6	0.001
-19.6	4.8	0.0015	4.0	19.6	0.000
-3.2	11.3	0.001	-49.3	-72.1	0.013
-22.1	-31.2	0.002	-63.6	-79.1	-0.001
46.3	-26.3	0.017	-6.8	-28.9	0.000
-22.8	15.7	-0.002	4.6	53.6	-0.007
-32.1	10.0	0.002	-67.1	31.2	0.011
-4.8	-0.7	0.002	-38.7	-42.5	-0.009
78.5	-15.2	0.016	30.5	-17.6	0.000
-11.0	4.5	-0.003	13.4	24.0	-0.004
-18.9	23.2	0.005	-44.0	46.4	0.014
-11.2	-35.6	0.001	-61.4	10.7	0.008
56.0	-16.3	0.017	5.5	-12.2	0.002
-10.3	-14.5	0.000	-10.6	-12.4	-0.001
-29.8	25.7	0.000	-37.5	45.7	0.014
-32.6	-13.2	0.004	-62.5	6.1	-0.005
70.7	-23.8	0.018	13.0	4.1	0.003
-4.1	6.6	-0.001	2.4	18.1	0.001
-6.2	23.0	0.006	-38.7	33.6	0.014
-73.5	-114.2	0.008	-95.3	-71.4	-0.007
-20.5	-45.6	0.017	-76.5	-36.6	-0.003
-17.7	7.0	-0.001	-8.1	7.5	0.001
-8.8	36.6	0.003	-23.6	44.5	0.003
-73.8	-135.1	0.006	-89.0	-80.3	0.004
19.2	-30.6	0.014	-48.6	-24.1	0.005
16.3	-40.0	0.000	21.4	-16.8	-0.002
0.0	40.9	-0.002	-21.1	29.4	0.005
-10.0	2.6	0.004	-33.1	13.5	-0.011
37.6	-38.0	0.020	3.5	-19.5	-0.010
-4.0	6.2	-0.005	-2.3	-1.9	-0.005
-28.7	28.4	0.001	-57.9	32.0	-0.003
-2.1	-18.2	0.008	-37.2	-1.9	-0.005
96.5	-10.4	0.018	30.0	-17.0	0.003
-13.2	5.3	0.002	-6.9	-1.1	-0.003
-9.1	26.4	0.002	-29.0	53.8	0.011
-22.6	-18.7	0.006	-34.1	11.6	-0.010
50.6	-44.2	0.030	5.7	-37.2	0.007
0.4	-7.5	0.001	8.3	3.7	-0.004
-14.0	27.3	0.002	-37.4	44.3	0.010
-8.9	2.3	-0.005	-8.9	0.7	-0.004
-85.2	3.8	-0.007	-106.3	-6.7	0.032
40.1	-21.5	-0.012	70.3	37.2	0.028
82.6	-4.6	0.006	29.6	29.3	0.040
-75.0	4.8	-0.003	-150.1	7.5	0.036
35.9	14.3	-0.008	66.5	-33.1	-0.002
-43.4	-40.7	0.014	-88.4	94.8	0.024
-21.1	-29.2	0.012	-84.6	110.2	0.055
111.3	15.8	0.019	101.0	-41.7	0.043
33.4	20.6	0.003	-12.3	32.9	0.002
-26.9	5.1	0.012	3.9	-0.7	-0.010
-3.0	30.0	0.002	-26.5	11.8	0.000
-29.7	28.9	0.001	-35.8	56.9	0.007
9.9	-27.5	0.006	-32.0	-13.6	-0.001
3.2	-5.6	0.012	29.8	-4.5	-0.001
5.1	18.6	0.005	-4.4	10.1	0.008
-47.8	34.8	-0.001	-43.2	69.7	-0.001
50.6	22.4	0.009	4.9	20.3	0.001
-14.2	31.8	0.013	-0.3	16.9	0.006
1.4	21.3	0.004	-22.6	-3.0	0.000
-30.7	35.8	0.001	-43.2	94.3	0.010