-32	-4	0.02	53	23	0.02
-26	-97	0.1	73	-75	0.09
15	-17	0.009	21	37	0.01
-45	-17	0.015	65	-17	0.004
13	24	0.01	38	42	0.003
-40	-13	0.012	83	-6	0.017
-24	24	0.04	78	47	0.03
-12	-48	0.03	-16	26	0.03
-29	-13	0.025	110	-9	0.016
61	17	0.025	41	80	0.009
-41	16	0.09	79	88	0.04
22	-13	0.006	-23	61	0.012
-93	46	0.04	42	92	0.07
-116	22	0.006	-26	122	0.01
-46	21	0.06	65	64	0.09
55	53	0.010	-31	-77	0.030
-14	96	0.001	-74	-47	0.030
141	3	0.009	-112	10	0.020
-26	69	0.016	-35	-87	0.009
116	64	0.050	-77	-80	0.020
-45	74	0.005	23	-60	0.010
104	45	0.020	-41	-91	0.009
89	101	0.004	30	-121	0.010
133	47	0.030	-85	-64	0.020
-36	39	0.005	5	-13	0.020
48	-2	0.010	2	-4	0.010
55	-42	0.010	-7	39	0.030
103	-102	0.110	95	-111	0.140
67	15	0.040	126	59	0.040
148	-47	0.050	145	-57	0.130
-18	-102	0.030	-14	-73	0.100
28	-36	0.010	50	17	0.030
-114	-125	0.040	-43	-148	0.080
3	3	0.110	16	30	0.190
1	-88	0.130	-110	-134	0.100
-12	-733	0.083	58	15	0.110
5	-27	-0.010	311	-32	0.050
31	-41	0.002	286	-44	0.040
44	35	0.023	112	-84	0.060
28	-6	0.032	19	-179	-0.020
6	-29	0.074	-51	-3	0.050
-11	-125	0.020	-208	97	0.075
30	42	0.002	-24	-35	0.017
50	16	0.002	-4	51	0.050
-33	-12	-0.013	19	31	0.021
-35	-24	-0.015	0.6	1	0.075
-14	-11	-0.013	32	0.1	-0.013
-26	-18	-0.015	23	14	-0.014
-20	0.3	-0.005	0.3	0.1	-0.006
34	16	-0.002	20	33	-0.001
-8	11	0.000	0.6	17	-0.019
24	0.9	0.002	17	22	-0.006
-16	0.1	0.000	-21	67	-0.046
18	9	-0.005	0.8	-31	-0.053
22	-1	0.003	-5	-1	0.004
10	4	-0.001	0	-14	0.011
-11	5	0.005	-95	58	-0.006
18	29	0.006	-73	49	0.010
-20	-23	-0.009	-32	64	0.036
-29	-13	-0.007	-40	3	0.010