-11	-11	0.0044	-38	-12	0.018
-28	-18	0.007	-84	-41	0.008
-16	14	0.003	-44	-12	-0.02
-36	12	0.002	-35	2	-0.012
29	-26	0.11	-9	-35	-0.005
-28	22	0.18	14	42	-0.012
-65	-21	0.15	-4	14	-0.012
-20	97	0.021	16	118	0.063
-46	119	0.016	-18	90	0.072
-2	-1	0.0005	1	24	-0.014
-36	12	0.002	-35	2	-0.012
-16	14	0.003	-44	-12	-0.020
-28	-18	0.007	-84	-41	0.008
-11	-11	0.004	-38	-12	0.018
-38	4	-0.003	-102	-41	-0.016				
14	-16	0.040	-29	823	0.245
2	2	0.001	61	-36	-0.041
-7	-4	-0.007	-65	-48	-0.012
14	-6	-0.003	76	-86	0.005
-37	23	-0.056	-53	-64	0.024
13	-14	-0.005	40	-86	0.031
-7	-3	-0.004	-9	-31	-0.023
5	-22	0.000	30	-24	0.023
12	7	-0.003	30	-24	-0.002
10	-12	0.000	15	-46	0.051
-7	12	-0.003	-9	-26	-0.029
2	-4	-0.002	-19	-54	0.000
1	-17	0.029	-7	-58	-0.004
-1	-1	-0.003	42	-24	-0.030
-14	2	-0.004	-11	10	0.005
-23	-10	-0.0006	-39	-30	-0.062
-40	-4	0.007	-157	-28	-0.029
24	-7	0.002	99	19	-0.034
-37	7	0.005	-82	-83	0.007
1	8	-0.009	58	-7	-0.052
-32	1	0.004	-19	16	0.002
3	-19	0.005	-412	156	0.034
21	-5	0.010	7	-26	-0.022
16	-16	0.011	32	-39	-0.022
-11	-5	-0.005	52	32	0.028
-51	-99	0.074	105	-13	-0.009
-9	2	0.001	-47	-68	0.019
8	15	0.000	-24	-147	0.086
50	5	0.045	-29	-20	-0.004
0	-19	0.008	-64	-100	-0.038
-1	-17	0.004	-2	-98	-0.076
-12	-27	-0.007	-54	24	0.016
-27	-15	0.003	70	3	-0.008
-42	-10	-0.002	-57	5	0.006
-37	-34	-0.006	17	4	0.019
-2	-69	-0.009	11	52	0.007
-15	-45	0.010	21	15	-0.016
-35	-28	-0.001	8	42	-0.008
-18	5	-0.007	-3	19	0.016
-16	1	-0.005	33	28	0.002
11	-26	-0.003	57	47	0.000
-13	-12	-0.002	-17	-98	0.009
-23	-13	0.000	-66	-116	-0.017
1	-36	-0.012	-47	-99	-0.022
-16	-25	-0.032	-1	-62	-0.015
-9	-10	0.004	-42	-4	0.035
2	0	-0.001	13	3	0.020
-26	-26	-0.006	-4	10	0.012
-26	-53	-0.003	5	-3	0.005
22	-9	0.001	25	6	-0.015
-16	7	-0.004	-8	-12	0.026
3	-10	-0.008	17	8	0.017
-1	6	0.001	7	4	0.001